Sample	0	1	2	3	4	5	6	7	8	9	10	11	12	13	14	15
Heart_ZT0_1_R1	(1.0, 15.149881376302002)	(2.0, 7.203324013392917)	(3.0, 4.403099483590981)	(4.0, 3.0595118143249125)	(5.0, 2.3241569486785725)	(6.0, 1.8420351924287224)	(7.0, 1.5660447869600393)	(8.0, 1.3586608040133317)	(9.0, 1.123979834027221)	('>10', 14.09865224851012)	('>50', 5.0429173801397695)	('>100', 11.249818854318953)	('>500', 5.239337097142538)	('>1k', 13.659271720491326)	('>5k', 5.9445642406933406)	('>10k+', 6.73474420498517)
Heart_ZT0_1_R2	(1.0, 16.987525797841894)	(2.0, 7.610155279200155)	(3.0, 4.715034547796998)	(4.0, 3.2746448821781007)	(5.0, 2.36508148135453)	(6.0, 1.868733082813128)	(7.0, 1.522538081309557)	(8.0, 1.222776917538566)	(9.0, 1.0967577700518731)	('>10', 13.112527710930328)	('>50', 4.579548591831664)	('>100', 11.044148097128689)	('>500', 5.604749597943024)	('>1k', 15.568468195763103)	('>5k', 5.571031877153427)	('>10k+', 3.8562780891650386)
Heart_ZT0_2_R1	(1.0, 15.94857328615847)	(2.0, 7.517016813875503)	(3.0, 4.56770537788627)	(4.0, 3.1584960276540675)	(5.0, 2.4231885420474755)	(6.0, 1.8638632889537754)	(7.0, 1.6177150921384857)	(8.0, 1.3199479988997085)	(9.0, 1.0910366961548157)	('>10', 14.04059347167702)	('>50', 4.941281063220424)	('>100', 11.696837965006994)	('>500', 5.629435255569551)	('>1k', 13.826876005801742)	('>5k', 5.120188361385227)	('>10k+', 5.237244753570456)
Heart_ZT0_2_R2	(1.0, 17.275308727279572)	(2.0, 8.083995466450274)	(3.0, 4.881971015727999)	(4.0, 3.2835613872365195)	(5.0, 2.402121017201757)	(6.0, 1.847873100269358)	(7.0, 1.5242128024425567)	(8.0, 1.2822469391076763)	(9.0, 1.0683203250510092)	('>10', 13.104930408490725)	('>50', 4.586432673396661)	('>100', 11.652637339441817)	('>500', 6.089886631413552)	('>1k', 15.336238585104947)	('>5k', 5.019715873791694)	('>10k+', 2.5605477075939005)
Heart_ZT12_1_R1	(1.0, 10.765886212568827)	(2.0, 6.00079199660438)	(3.0, 4.169328219113623)	(4.0, 2.934144388532893)	(5.0, 2.1562625996216447)	(6.0, 1.7369421965117575)	(7.0, 1.3561328666076076)	(8.0, 1.140494367053296)	(9.0, 0.9579180647007718)	('>10', 11.872556733013989)	('>50', 4.070861411677653)	('>100', 10.20505473067623)	('>500', 5.591332076146202)	('>1k', 16.662894451339493)	('>5k', 8.638445053867622)	('>10k+', 11.74095463196394)
Heart_ZT12_1_R2	(1.0, 13.006348177009327)	(2.0, 6.353196636735083)	(3.0, 4.333816777033589)	(4.0, 2.983251226986394)	(5.0, 2.2380616907324815)	(6.0, 1.65112770196932)	(7.0, 1.3906778000756772)	(8.0, 1.1335119835562866)	(9.0, 0.9494576205520334)	('>10', 10.81860904661411)	('>50', 3.705758623855746)	('>100', 9.625092873215863)	('>500', 5.730020520444318)	('>1k', 19.410187032622492)	('>5k', 8.806901915297248)	('>10k+', 7.863980373300186)
Heart_ZT12_2_R1	(1.0, 17.726872021691197)	(2.0, 8.247510646261315)	(3.0, 4.734412545795475)	(4.0, 2.9520449994577542)	(5.0, 2.125230133529987)	(6.0, 1.6079810046355212)	(7.0, 1.2802684558163153)	(8.0, 1.064546130907392)	(9.0, 0.8616663129731071)	('>10', 11.341110994456159)	('>50', 4.214239449292697)	('>100', 11.927355404867452)	('>500', 6.608154469816473)	('>1k', 17.401522847393196)	('>5k', 4.850648377488694)	('>10k+', 3.0564362056173744)
Heart_ZT12_2_R2	(1.0, 20.218830952778756)	(2.0, 8.20962415908594)	(3.0, 4.685685745579284)	(4.0, 2.9501549531024764)	(5.0, 2.004096123102667)	(6.0, 1.4857817229309527)	(7.0, 1.2231865411700877)	(8.0, 0.9888744773498345)	(9.0, 0.863399365373675)	('>10', 10.192199931245645)	('>50', 4.057215871617559)	('>100', 12.178238246180715)	('>500', 7.915637799663314)	('>1k', 18.558840093740823)	('>5k', 3.9160428161808576)	('>10k+', 0.5521912008973267)
Liver_ZT0_1_R1	(1.0, 12.799841787181288)	(2.0, 6.325315063081967)	(3.0, 3.854487909569295)	(4.0, 2.6810311741870847)	(5.0, 2.090286867162283)	(6.0, 1.6564135986695427)	(7.0, 1.4114687882674914)	(8.0, 1.2457878081537543)	(9.0, 1.0973516203496256)	('>10', 15.884036654268128)	('>50', 6.471697092067094)	('>100', 15.248919949462007)	('>500', 6.96683088627658)	('>1k', 13.52983273370006)	('>5k', 3.8557546041056234)	('>10k+', 4.880943463498221)
Liver_ZT0_1_R2	(1.0, 13.302160236714453)	(2.0, 6.2505634821998886)	(3.0, 3.969886875969312)	(4.0, 2.774239113924069)	(5.0, 2.158267543387268)	(6.0, 1.7070883990157806)	(7.0, 1.4011154420754965)	(8.0, 1.2291243780949435)	(9.0, 1.1132384132250148)	('>10', 15.844135639843227)	('>50', 6.199325401758872)	('>100', 16.144208600009236)	('>500', 7.406258588247297)	('>1k', 12.857647300758904)	('>5k', 3.320960821986278)	('>10k+', 4.321779762789866)
Liver_ZT0_2_R1	(1.0, 11.042499230603672)	(2.0, 5.512285221076967)	(3.0, 3.5497158325531726)	(4.0, 2.5680212342490227)	(5.0, 1.9151813204368935)	(6.0, 1.5887441884074125)	(7.0, 1.3940346893835402)	(8.0, 1.1523051066517211)	(9.0, 1.0699519058506497)	('>10', 15.41528454727739)	('>50', 6.498230798347201)	('>100', 15.220258479332896)	('>500', 7.329720657408588)	('>1k', 15.528369244541873)	('>5k', 4.281209205860971)	('>10k+', 5.934188338018004)
Liver_ZT0_2_R2	(1.0, 13.127701879208853)	(2.0, 5.6120124403936895)	(3.0, 3.678499469726825)	(4.0, 2.550580845174774)	(5.0, 2.0277322091307832)	(6.0, 1.5711519889281527)	(7.0, 1.3129488709915633)	(8.0, 1.1863310749806701)	(9.0, 1.0632425966901762)	('>10', 15.172630281713207)	('>50', 6.171078101461639)	('>100', 15.267391451443988)	('>500', 7.982544790823601)	('>1k', 14.764715853317009)	('>5k', 3.808653730081071)	('>10k+', 4.7027844159341194)
Liver_ZT12_1_R1	(1.0, 12.426518467979175)	(2.0, 6.872251412414436)	(3.0, 4.342403471912011)	(4.0, 2.9497233016851108)	(5.0, 2.1919081610906543)	(6.0, 1.703829283216509)	(7.0, 1.4708620009889377)	(8.0, 1.2199751359988715)	(9.0, 1.0635851818290445)	('>10', 14.836240843451835)	('>50', 6.217428984102963)	('>100', 16.11997536920587)	('>500', 7.649929087943294)	('>1k', 13.091932928529928)	('>5k', 3.9032365870542423)	('>10k+', 3.940199782597162)
Liver_ZT12_1_R2	(1.0, 13.138284848653889)	(2.0, 6.726833196501149)	(3.0, 4.241363968353305)	(4.0, 2.9044566186502294)	(5.0, 2.2227746229476693)	(6.0, 1.7765875124544437)	(7.0, 1.4745308721581694)	(8.0, 1.1785732387817471)	(9.0, 1.018050273719962)	('>10', 14.620595201079766)	('>50', 6.124269952936917)	('>100', 16.947700050053715)	('>500', 7.493911401670032)	('>1k', 12.58253323507125)	('>5k', 3.7316726805752354)	('>10k+', 3.8178623263924933)
Liver_ZT12_2_R1	(1.0, 13.154722579524849)	(2.0, 7.467740827843075)	(3.0, 4.744525783559163)	(4.0, 3.258997269506704)	(5.0, 2.4734100562210855)	(6.0, 1.9064621664478623)	(7.0, 1.5332259406261406)	(8.0, 1.3177749386132016)	(9.0, 1.131916360422801)	('>10', 16.054266750917005)	('>50', 6.553540240532707)	('>100', 16.693320390297075)	('>500', 7.209559039280723)	('>1k', 12.125019754771719)	('>5k', 2.999280763480165)	('>10k+', 1.376237137955786)
Liver_ZT12_2_R2	(1.0, 14.088798341746783)	(2.0, 7.289902889666862)	(3.0, 4.741110490980803)	(4.0, 3.2348287067907746)	(5.0, 2.412867449376351)	(6.0, 1.9231010544911942)	(7.0, 1.5293946713519695)	(8.0, 1.3183058614179)	(9.0, 1.1522147451479672)	('>10', 15.80885195592904)	('>50', 6.427382609137686)	('>100', 17.321898338604957)	('>500', 7.714731117629242)	('>1k', 11.03855114590069)	('>5k', 1.9741137178136834)	('>10k+', 2.0239469040141698)
